-69.898094	11.560764
-69.796189	12.402784
-69.694283	13.046428
-69.592378	13.58698
-69.490472	14.061398
-69.388567	14.488657
-69.286661	14.880047
-69.184756	15.242929
-69.08285	15.582425
-68.980944	15.902268
-68.879039	16.205278
-68.777133	16.49365
-68.675228	16.769131
-68.573322	17.033138
-68.471417	17.286842
-68.369511	17.531222
-68.267606	17.767106
-68.1657	17.995204
-68.063795	18.216128
-67.961889	18.430413
-67.859983	18.638525
-67.758078	18.840879
-67.656172	19.037841
-67.554267	19.229741
-67.452361	19.416871
-67.350456	19.599499
-67.24855	19.777864
-67.146645	19.952185
-67.044739	20.122661
-66.942833	20.289476
-66.840928	20.452796
-66.739022	20.612776
-66.637117	20.769558
-66.535211	20.923275
-66.433306	21.074049
-66.3314	21.221993
-66.229495	21.367213
-66.127589	21.509809
-66.025684	21.649873
-65.923778	21.787491
-65.821872	21.922746
-65.719967	22.055713
-65.618061	22.186465
-65.516156	22.315069
-65.41425	22.44159
-65.312345	22.566089
-65.210439	22.688622
-65.108534	22.809244
-65.006628	22.928006
-64.904722	23.044958
-64.802817	23.160146
-64.700911	23.273615
-64.599006	23.385406
-64.4971	23.49556
-64.395195	23.604116
-64.293289	23.711109
-64.191384	23.816575
-64.089478	23.920548
-63.987572	24.02306
-63.885667	24.124142
-63.783761	24.223822
-63.681856	24.322129
-63.57995	24.419092
-63.478045	24.514734
-63.376139	24.609082
-63.274234	24.70216
-63.172328	24.793992
-63.070423	24.884598
-62.968517	24.974001
-62.866611	25.062222
-62.764706	25.149281
-62.66392	25.233869
-62.563134	25.316599
-62.462348	25.397519
-62.361561	25.476677
-62.260775	25.554117
-62.159989	25.629878
-62.059203	25.704002
-61.958417	25.776525
-61.857631	25.847482
-61.756845	25.916907
-61.656059	25.984833
-61.555272	26.051289
-61.454486	26.116304
-61.3537	26.179906
-61.252914	26.242122
-61.152128	26.302976
-61.051342	26.362493
-60.950556	26.420695
-60.84977	26.477604
-60.748983	26.533242
-60.648197	26.587628
-60.547411	26.640781
-60.446625	26.692721
-60.345839	26.743463
-60.245053	26.793026
-60.144267	26.841426
-60.043481	26.888678
-59.942695	26.934796
-59.841908	26.979796
-59.741122	27.023691
-59.640336	27.066494
-59.53955	27.108217
-59.438764	27.148873
-59.337978	27.188474
-59.237192	27.22703
-59.136406	27.264553
-59.035619	27.301052
-58.934833	27.336538
-58.834047	27.371019
-58.733261	27.404506
-58.632475	27.437007
-58.531689	27.46853
-58.430903	27.499083
-58.330117	27.528674
-58.229331	27.55731
-58.128544	27.584999
-58.027758	27.611747
-57.926972	27.637561
-57.826186	27.662447
-57.7254	27.686411
-57.624614	27.709458
-57.523828	27.731594
-57.423042	27.752824
-57.322255	27.773153
-57.221469	27.792586
-57.120683	27.811126
-57.019897	27.828779
-56.919111	27.845548
-56.818325	27.861437
-56.717539	27.87645
-56.616753	27.890589
-56.515966	27.903858
-56.41518	27.916261
-56.314394	27.927798
-56.213608	27.938474
-56.112822	27.94829
-56.012036	27.957248
-55.91125	27.965351
-55.810464	27.9726
-55.709678	27.978997
-55.608891	27.984542
-55.508105	27.989238
-55.407319	27.993085
-55.306533	27.996084
-55.205747	27.998236
-55.104961	27.999541
-55.004175	27.999999
-54.903389	27.999611
-54.802602	27.998376
-54.701816	27.996295
-54.60103	27.993366
-54.500244	27.989589
-54.399458	27.984963
-54.298672	27.979488
-54.197886	27.973162
-54.0971	27.965984
-53.996314	27.957952
-53.895527	27.949064
-53.794741	27.93932
-53.693955	27.928715
-53.593169	27.917249
-53.492383	27.904919
-53.391597	27.891721
-53.290811	27.877654
-53.190025	27.862714
-53.089238	27.846898
-52.988452	27.830202
-52.887666	27.812622
-52.78688	27.794155
-52.686094	27.774797
-52.585308	27.754542
-52.484522	27.733387
-52.383736	27.711326
-52.282949	27.688355
-52.182163	27.664467
-52.081377	27.639658
-51.980591	27.613921
-51.879805	27.587251
-51.779019	27.55964
-51.678233	27.531082
-51.577447	27.501571
-51.476661	27.471098
-51.375874	27.439655
-51.275088	27.407236
-51.174302	27.373831
-51.073516	27.339432
-50.97273	27.30403
-50.871944	27.267615
-50.771158	27.230178
-50.670372	27.191708
-50.569585	27.152194
-50.468799	27.111625
-50.368013	27.069991
-50.267227	27.027278
-50.166441	26.983474
-50.065655	26.938567
-49.964869	26.892541
-49.864083	26.845384
-49.763297	26.79708
-49.66251	26.747614
-49.560469	26.696575
-49.458427	26.644804
-49.356386	26.592297
-49.254344	26.539045
-49.152302	26.485043
-49.050261	26.430284
-48.948219	26.37476
-48.846177	26.318464
-48.744136	26.261389
-48.642094	26.203526
-48.540053	26.144869
-48.438011	26.085409
-48.335969	26.025137
-48.233928	25.964045
-48.131886	25.902125
-48.029845	25.839367
-47.927803	25.775762
-47.825761	25.7113
-47.72372	25.645971
-47.621678	25.579766
-47.519637	25.512674
-47.417595	25.444683
-47.315553	25.375784
-47.213512	25.305965
-47.11147	25.235213
-47.009428	25.163517
-46.907387	25.090865
-46.805345	25.017243
-46.703304	24.942638
-46.601262	24.867036
-46.49922	24.790424
-46.397179	24.712786
-46.295137	24.634107
-46.193096	24.554373
-46.091054	24.473566
-45.989012	24.39167
-45.886971	24.308668
-45.784929	24.224541
-45.682888	24.139272
-45.580846	24.052841
-45.478804	23.965228
-45.376763	23.876413
-45.274721	23.786373
-45.172679	23.695087
-45.070638	23.602532
-44.968596	23.508684
-44.866555	23.413518
-44.764513	23.317007
-44.662471	23.219124
-44.56043	23.119842
-44.458388	23.019132
-44.356347	22.916961
-44.254305	22.813299
-44.152263	22.708112
-44.050222	22.601365
-43.94818	22.493022
-43.846138	22.383043
-43.744097	22.27139
-43.642055	22.158019
-43.540014	22.042887
-43.437972	21.925947
-43.33593	21.807151
-43.233889	21.686446
-43.131847	21.563779
-43.029806	21.439092
-42.927764	21.312324
-42.825722	21.183413
-42.723681	21.052289
-42.621639	20.91888
-42.519598	20.783111
-42.417556	20.6449
-42.315514	20.50416
-42.213473	20.360797
-42.111431	20.214715
-42.009389	20.065805
-41.907348	19.913954
-41.805306	19.75904
-41.703265	19.60093
-41.601223	19.439482
-41.499181	19.27454
-41.39714	19.105935
-41.295098	18.933486
-41.193057	18.756991
-41.091015	18.57623
-40.988973	18.390961
-40.886932	18.200916
-40.78489	18.0058
-40.682849	17.80528
-40.580807	17.598987
-40.478765	17.386501
-40.376724	17.16735
-40.274682	16.940993
-40.17264	16.706808
-40.070599	16.464074
-39.968557	16.211948
-39.866516	15.949431
-39.764474	15.675327
-39.65299	15.369028
-39.541507	15.062729
-39.430023	14.75643
-39.318539	14.450131
-39.207055	14.143832
-39.095572	13.837533
-38.984088	13.531233
-38.872604	13.224934
-38.76112	12.918635
-38.649637	12.612336
-38.538153	12.306037
-38.426669	11.999738
-38.322831	11.724195
-38.218992	11.466032
-38.115154	11.222673
-38.011315	10.992134
-37.907477	10.772853
-37.803638	10.563571
-37.6998	10.363256
-37.595961	10.171048
-37.492123	9.986224
-37.388285	9.8081674
-37.284446	9.636347
-37.180608	9.4703022
-37.076769	9.3096297
-36.972931	9.1539744
-36.869092	9.0030215
-36.765254	8.8564904
-36.661415	8.7141297
-36.557577	8.5757131
-36.453738	8.4410361
-36.3499	8.3099128
-36.246061	8.1821742
-36.142223	8.0576655
-36.038385	7.9362451
-35.934546	7.8177826
-35.830708	7.7021576
-35.726869	7.5892592
-35.623031	7.4789843
-35.519192	7.3712372
-35.415354	7.265929
-35.311515	7.1629766
-35.207677	7.0623026
-35.103838	6.9638343
-35	6.8675038
-34.898876	6.7755679
-34.797753	6.6856613
-34.696629	6.5976121
-34.595506	6.5113694
-34.494382	6.4268843
-34.393258	6.3441102
-34.292135	6.2630021
-34.191011	6.1835172
-34.089888	6.1056141
-33.988764	6.0292532
-33.88764	5.9543964
-33.786517	5.8810069
-33.685393	5.8090491
-33.58427	5.738489
-33.483146	5.6692933
-33.382022	5.6014301
-33.280899	5.5348681
-33.179775	5.4695772
-33.078652	5.4055282
-32.977528	5.3426923
-32.876404	5.2810418
-32.775281	5.2205495
-32.674157	5.1611889
-32.573034	5.1029339
-32.47191	5.0457592
-32.370787	4.9896397
-32.269663	4.934551
-32.168539	4.880469
-32.067416	4.8273701
-31.966292	4.7752309
-31.865169	4.7240286
-31.764045	4.6737405
-31.662921	4.6243444
-31.561798	4.5758183
-31.460674	4.5281405
-31.359551	4.4812896
-31.258427	4.4352445
-31.157303	4.3899844
-31.05618	4.3454887
-30.955056	4.3017371
-30.853933	4.2587096
-30.752809	4.2163864
-30.651685	4.174748
-30.550562	4.1337753
-30.449438	4.0934494
-30.348315	4.0537516
-30.247191	4.0146636
-30.146067	3.9761675
-30.044944	3.9382457
-29.94382	3.9008807
-29.842697	3.8640557
-29.741573	3.827754
-29.640449	3.7919594
-29.539326	3.7566561
-29.438202	3.7218286
-29.337079	3.687462
-29.235955	3.6535415
-29.134831	3.6200531
-29.033708	3.5869829
-28.932584	3.5543178
-28.831461	3.522045
-28.730337	3.4901521
-28.629213	3.4586273
-28.52809	3.4274593
-28.426966	3.3966372
-28.325843	3.3661506
-28.224719	3.3359898
-28.123596	3.3061455
-28.022472	3.2766087
-27.921348	3.2473712
-27.820225	3.2184253
-27.719101	3.1897635
-27.617978	3.1613791
-27.516854	3.1332656
-27.41573	3.1054173
-27.314607	3.0778288
-27.213483	3.0504949
-27.11236	3.0234111
-27.011236	2.9965732
-26.910112	2.9699773
-26.808989	2.9436201
-26.707865	2.9174981
-26.606742	2.8916085
-26.505618	2.8659485
-26.404494	2.8405157
-26.303371	2.8153074
-26.202247	2.7903214
-26.101124	2.7655553
-26	2.7410068
-25.899728	2.7169136
-25.799455	2.6929928
-25.699183	2.6692785
-25.598911	2.6457685
-25.498638	2.6224603
-25.398366	2.5993515
-25.298094	2.5764399
-25.197821	2.5537232
-25.097549	2.5311991
-24.997277	2.5088655
-24.897004	2.4867202
-24.796732	2.464761
-24.69646	2.4429857
-24.596187	2.4213924
-24.495915	2.3999789
-24.395642	2.3787433
-24.29537	2.3576834
-24.195098	2.3367974
-24.094825	2.3160833
-23.994553	2.2955392
-23.894281	2.2751632
-23.794008	2.2549533
-23.693736	2.2349079
-23.593464	2.215025
-23.493191	2.1953029
-23.392919	2.1757397
-23.292647	2.1563339
-23.192374	2.1370836
-23.092102	2.1179872
-22.99183	2.099043
-22.891557	2.0802493
-22.791285	2.0616046
-22.691013	2.0431073
-22.59074	2.0247557
-22.490468	2.0065483
-22.390196	1.9884836
-22.289923	1.9705601
-22.189651	1.9527763
-22.089379	1.9351307
-21.989106	1.9176219
-21.888834	1.9002485
-21.788562	1.883009
-21.688289	1.8659021
-21.588017	1.8489264
-21.487744	1.8320806
-21.387472	1.8153633
-21.2872	1.7987732
-21.186927	1.7823091
-21.086655	1.7659697
-20.986383	1.7497537
-20.88611	1.7336598
-20.785838	1.717687
-20.685566	1.7018339
-20.585293	1.6860994
-20.485021	1.6704823
-20.384749	1.6549815
-20.284476	1.6395958
-20.184204	1.6243241
-20.083932	1.6091654
-19.983659	1.5941185
-19.883387	1.5791824
-19.783115	1.564356
-19.682842	1.5496382
-19.58257	1.5350281
-19.482298	1.5205246
-19.382025	1.5061268
-19.281753	1.4918336
-19.181481	1.4776441
-19.081208	1.4635573
-18.980936	1.4495724
-18.880664	1.4356882
-18.780391	1.4219041
-18.680119	1.4082189
-18.579846	1.3946319
-18.479574	1.3811422
-18.379302	1.3677489
-18.279029	1.3544512
-18.178757	1.3412481
-18.078485	1.328139
-17.978212	1.3151229
-17.87794	1.3021991
-17.777668	1.2893667
-17.677395	1.2766251
-17.577123	1.2639733
-17.476851	1.2514107
-17.376578	1.2389364
-17.276306	1.2265498
-17.176034	1.2142501
-17.075761	1.2020367
-16.975489	1.1899087
-16.875217	1.1778654
-16.774944	1.1659063
-16.674672	1.1540306
-16.5744	1.1422376
-16.474127	1.1305267
-16.373855	1.1188971
-16.273583	1.1073484
-16.17331	1.0958797
-16.073038	1.0844906
-15.972766	1.0731803
-15.872493	1.0619483
-15.772221	1.0507939
-15.671948	1.0397166
-15.571676	1.0287158
-15.471404	1.0177909
-15.371131	1.0069412
-15.270859	0.99616634
-15.170587	0.98546565
-15.070314	0.97483858
-14.970042	0.96428461
-14.86977	0.9538032
-14.769497	0.94339381
-14.669225	0.93305592
-14.568953	0.92278902
-14.46868	0.91259259
-14.368408	0.90246613
-14.268136	0.89240915
-14.167863	0.88242114
-14.067591	0.87250164
-13.967319	0.86265016
-13.867046	0.85286622
-13.766774	0.84314936
-13.666502	0.83349912
-13.566229	0.82391504
-13.465957	0.81439667
-13.365685	0.80494358
-13.265412	0.79555531
-13.16514	0.78623144
-13.064868	0.77697154
-12.964595	0.76777518
-12.864323	0.75864195
-12.76405	0.74957143
-12.663778	0.74056321
-12.563506	0.7316169
-12.463233	0.72273209
-12.362961	0.71390839
-12.262689	0.70514541
-12.162416	0.69644276
-12.062144	0.68780006
-11.961872	0.67921694
-11.861599	0.67069303
-11.761327	0.66222795
-11.661055	0.65382135
-11.560782	0.64547286
-11.46051	0.63718212
-11.360238	0.6289488
-11.259965	0.62077253
-11.159693	0.61265297
-11.059421	0.60458979
-10.959148	0.59658265
-10.858876	0.5886312
-10.758604	0.58073514
-10.658331	0.57289412
-10.558059	0.56510782
-10.457787	0.55737593
-10.357514	0.54969814
-10.257242	0.54207411
-10.15697	0.53450356
-10.056697	0.52698616
-9.9564248	0.51952162
-9.8561525	0.51210964
-9.7558801	0.50474992
-9.6556078	0.49744216
-9.5553354	0.49018608
-9.4550631	0.48298138
-9.3547908	0.47582778
-9.2545184	0.46872499
-9.1542461	0.46167273
-9.0539737	0.45467073
-8.9537014	0.44771872
-8.853429	0.4408164
-8.7531567	0.43396353
-8.6528843	0.42715982
-8.552612	0.42040502
-8.4523397	0.41369886
-8.3520673	0.40704108
-8.251795	0.40043141
-8.1515226	0.39386961
-8.0512503	0.38735542
-7.9509779	0.38088859
-7.8507056	0.37446887
-7.7504332	0.368096
-7.6501609	0.36176975
-7.5498886	0.35548987
-7.4496162	0.34925612
-7.3493439	0.34306826
-7.2490715	0.33692605
-7.1487992	0.33082925
-7.0485268	0.32477763
-6.9482545	0.31877096
-6.8479821	0.31280901
-6.7477098	0.30689154
-6.6474374	0.30101834
-6.5471651	0.29518917
-6.4468928	0.28940381
-6.3466204	0.28366204
-6.2463481	0.27796363
-6.1460757	0.27230838
-6.0458034	0.26669606
-5.945531	0.26112645
-5.8452587	0.25559934
-5.7449863	0.25011452
-5.644714	0.24467177
-5.5444417	0.23927088
-5.4441693	0.23391166
-5.343897	0.22859387
-5.2436246	0.22331733
-5.1433523	0.21808182
-5.0430799	0.21288714
-4.9428076	0.2077331
-4.8425352	0.20261947
-4.7422629	0.19754607
-4.6419906	0.1925127
-4.5417182	0.18751916
-4.4414459	0.18256525
-4.3411735	0.17765077
-4.2409012	0.17277553
-4.1406288	0.16793934
-4.0403565	0.163142
-3.9400841	0.15838331
-3.8398118	0.1536631
-3.7395394	0.14898117
-3.6392671	0.14433733
-3.5389948	0.13973139
-3.4387224	0.13516316
-3.3384501	0.13063246
-3.2381777	0.12613911
-3.1379054	0.12168291
-3.037633	0.11726368
-2.9373607	0.11288124
-2.8370883	0.1085354
-2.736816	0.10422599
-2.6365437	0.09995282
-2.5362713	0.095715712
-2.435999	0.091514486
-2.3357266	0.087348963
-2.2354543	0.083218962
-2.1351819	0.079124307
-2.0349096	0.075064819
-1.9346372	0.071040321
-1.8343649	0.067050637
-1.7340926	0.063095591
-1.6338202	0.059175007
-1.5335479	0.05528871
-1.4332755	0.051436526
-1.3330032	0.04761828
-1.2327308	0.043833798
-1.1324585	0.040082907
-1.0321861	0.036365435
-0.93191379	0.032681208
-0.83164145	0.029030054
-0.7313691	0.025411801
-0.63109676	0.021826278
-0.53082441	0.018273313
-0.43055207	0.014752734
-0.33027972	0.011264372
-0.23000738	0.007808055
-0.12973503	0.004383613
-0.02946269	0.000990875
0.070809655	-0.002370328
0.171082	-0.005700167
0.27135434	-0.008998811
0.37162669	-0.012266431
0.47189903	-0.015503195
0.57217138	-0.018709274
0.67244372	-0.021884837
0.77271607	-0.025030053
0.87298841	-0.028145092
0.97326076	-0.031230123
1.0735331	-0.034285317
1.1738054	-0.037310841
1.2740778	-0.040306867
1.3743501	-0.043273564
1.4746225	-0.046211101
1.5748948	-0.049119649
1.6751672	-0.051999377
1.7754395	-0.054850456
1.8757119	-0.057673057
1.9759842	-0.060467349
2.0762566	-0.063233503
2.1765289	-0.065971691
2.2768012	-0.068682085
2.3770736	-0.071364854
2.4773459	-0.074020172
2.5776183	-0.07664821
2.6778906	-0.079249142
2.778163	-0.081823139
2.8784353	-0.084370376
2.9787077	-0.086891025
3.07898	-0.089385261
3.1792523	-0.091853258
3.2795247	-0.094295192
3.379797	-0.096711237
3.4800694	-0.09910157
3.5803417	-0.10146637
3.6806141	-0.1038058
3.7808864	-0.10612006
3.8811588	-0.10840931
3.9814311	-0.11067374
4.0817034	-0.11291352
4.1819758	-0.11512884
4.2822481	-0.11731987
4.3825205	-0.1194868
4.4827928	-0.1216298
4.5830652	-0.12374907
4.6833375	-0.12584478
4.7836099	-0.12791712
4.8838822	-0.12996627
4.9841546	-0.13199242
5.0844269	-0.13399575
5.1846992	-0.13597646
5.2849716	-0.13793473
5.3852439	-0.13987075
5.4855163	-0.14178471
5.5857886	-0.1436768
5.686061	-0.14554721
5.7863333	-0.14739614
5.8866057	-0.14922378
5.986878	-0.15103032
6.0871503	-0.15281596
6.1874227	-0.1545809
6.287695	-0.15632534
6.3879674	-0.15804947
6.4882397	-0.15975349
6.5885121	-0.1614376
6.6887844	-0.16310202
6.7890568	-0.16474694
6.8893291	-0.16637256
6.9896014	-0.16797909
7.0898738	-0.16956675
7.1901461	-0.17113573
7.2904185	-0.17268625
7.3906908	-0.17421851
7.4909632	-0.17573274
7.5912355	-0.17722914
7.6915079	-0.17870793
7.7917802	-0.18016933
7.8920526	-0.18161355
7.9923249	-0.18304081
8.0925972	-0.18445134
8.1928696	-0.18584535
8.2931419	-0.18722307
8.3934143	-0.18858472
8.4936866	-0.18993053
8.593959	-0.19126073
8.6942313	-0.19257555
8.7945037	-0.19387522
8.894776	-0.19515997
8.9950483	-0.19643003
9.0953207	-0.19768565
9.195593	-0.19892705
9.2958654	-0.20015449
9.3961377	-0.20136819
9.4964101	-0.2025684
9.5966824	-0.20375537
9.6969548	-0.20492935
9.7972271	-0.20609057
9.8974994	-0.20723929
9.9977718	-0.20837577
10.098044	-0.20950024
10.198316	-0.21061298
10.298589	-0.21171423
10.398861	-0.21280426
10.499134	-0.21388332
10.599406	-0.21495167
10.699678	-0.21600959
10.799951	-0.21705734
10.900223	-0.21809518
11.000495	-0.21912338
11.100768	-0.22014222
11.20104	-0.22115197
11.301312	-0.22215291
11.401585	-0.22314532
11.501857	-0.22412946
11.602129	-0.22510563
11.702402	-0.22607412
11.802674	-0.22703519
11.902946	-0.22798915
12.003219	-0.22893629
12.103491	-0.22987689
12.203763	-0.23081125
12.304036	-0.23173966
12.404308	-0.23266243
12.50458	-0.23357985
12.604853	-0.23449223
12.705125	-0.23539987
12.805397	-0.23630308
12.90567	-0.23720216
13.005942	-0.23809743
13.106214	-0.23898921
13.206487	-0.2398778
13.306759	-0.24076352
13.407032	-0.2416467
13.507304	-0.24252765
13.607576	-0.2434067
13.707849	-0.24428417
13.808121	-0.2451604
13.908393	-0.24603572
14.008666	-0.24691044
14.108938	-0.24778492
14.20921	-0.24865949
14.309483	-0.24953449
14.409755	-0.25041025
14.510027	-0.25128713
14.6103	-0.25216546
14.710572	-0.2530456
14.810844	-0.2539279
14.911117	-0.2548127
15.011389	-0.25570037
15.111661	-0.25659125
15.211934	-0.25748571
15.312206	-0.2583841
15.412478	-0.2592868
15.512751	-0.26019416
15.613023	-0.26110656
15.713295	-0.26202435
15.813568	-0.26294792
15.91384	-0.26387763
16.014112	-0.26481386
16.114385	-0.26575699
16.214657	-0.2667074
16.31493	-0.26766547
16.415202	-0.26863157
16.515474	-0.26960611
16.615747	-0.27058946
16.716019	-0.27158201
16.816291	-0.27258415
16.916564	-0.27359629
17.016836	-0.2746188
17.117108	-0.27565209
17.217381	-0.27669656
17.317653	-0.2777526
17.417925	-0.27882063
17.518198	-0.27990103
17.61847	-0.28099423
17.718742	-0.28210061
17.819015	-0.2832206
17.919287	-0.28435461
18.019559	-0.28550304
18.119832	-0.2866663
18.220104	-0.28784482
18.320376	-0.28903901
18.420649	-0.29024929
18.520921	-0.29147607
18.621193	-0.29271978
18.721466	-0.29398084
18.821738	-0.29525967
18.92201	-0.29655669
19.022283	-0.29787233
19.122555	-0.29920702
19.222828	-0.30056119
19.3231	-0.30193526
19.423372	-0.30332966
19.523645	-0.30474482
19.623917	-0.30618118
19.724189	-0.30763916
19.824462	-0.3091192
19.924734	-0.31062173
20.025006	-0.31214719
20.125279	-0.31369601
20.225551	-0.31526862
20.325823	-0.31686547
20.426096	-0.31848698
20.526368	-0.32013359
20.62664	-0.32180575
20.726913	-0.32350388
20.827185	-0.32522842
20.927457	-0.32697981
21.02773	-0.32875848
21.128002	-0.33056488
21.228274	-0.33239943
21.328547	-0.33426258
21.428819	-0.33615476
21.529091	-0.3380764
21.629364	-0.34002793
21.729636	-0.3420098
21.829908	-0.34402243
21.930181	-0.34606626
22.030453	-0.34814171
22.130726	-0.35024922
22.230998	-0.35238922
22.33127	-0.35456213
22.431543	-0.35676838
22.531815	-0.35900839
22.632087	-0.3612826
22.73236	-0.36359141
22.832632	-0.36593524
22.932904	-0.36831453
23.033177	-0.37072968
23.133449	-0.3731811
23.233721	-0.37566921
23.333994	-0.37819442
23.434266	-0.38075713
23.534538	-0.38335775
23.634811	-0.38599668
23.735083	-0.38867431
23.835355	-0.39139105
23.935628	-0.39414728
24.0359	-0.3969434
24.136172	-0.39977978
24.236445	-0.40265682
24.336717	-0.40557488
24.436989	-0.40853435
24.537262	-0.41153559
24.637534	-0.41457897
24.737806	-0.41766486
24.838079	-0.4207936
24.938351	-0.42396556
25.038624	-0.42718108
25.138896	-0.4304405
25.239168	-0.43374416
25.339441	-0.4370924
25.439713	-0.44048554
25.539985	-0.4439239
25.640258	-0.4474078
25.74053	-0.45093755
25.840802	-0.45451345
25.941075	-0.4581358
26.041347	-0.46180489
26.141619	-0.465521
26.241892	-0.46928441
26.342164	-0.4730954
26.442436	-0.47695421
26.542709	-0.48086112
26.642981	-0.48481636
26.743253	-0.48882018
26.843526	-0.49287279
26.943798	-0.49697444
27.04407	-0.50112533
27.144343	-0.50532567
27.244615	-0.50957565
27.344887	-0.51387546
27.44516	-0.51822528
27.545432	-0.52262527
27.645704	-0.5270756
27.745977	-0.5315764
27.846249	-0.53612782
27.946522	-0.54072999
28.046794	-0.54538301
28.147066	-0.550087
28.247339	-0.55484204
28.347611	-0.55964822
28.447883	-0.5645056
28.548156	-0.56941425
28.648428	-0.57437419
28.7487	-0.57938548
28.848973	-0.58444812
28.949245	-0.58956212
29.049517	-0.59472746
29.14979	-0.59994414
29.250062	-0.6052121
29.350334	-0.61053131
29.450607	-0.61590168
29.550879	-0.62132315
29.651151	-0.62679561
29.751424	-0.63231895
29.851696	-0.63789303
29.951968	-0.64351773
30.052241	-0.64919287
30.152513	-0.65491827
30.252785	-0.66069374
30.353058	-0.66651907
30.45333	-0.67239401
30.553602	-0.67831833
30.653875	-0.68429174
30.754147	-0.69031397
30.85442	-0.69638471
30.954692	-0.70250362
31.054964	-0.70867036
31.155237	-0.71488456
31.255509	-0.72114583
31.355781	-0.72745376
31.456054	-0.73380792
31.556326	-0.74020785
31.656598	-0.74665308
31.756871	-0.75314311
31.857143	-0.75967741
31.957415	-0.76625544
32.057688	-0.77287662
32.15796	-0.77954037
32.15796	-0.77954037
32.258473	-0.78624122
32.358986	-0.79294207
32.459498	-0.79964293
32.560011	-0.80634378
32.660524	-0.81304463
32.761037	-0.81974548
32.861549	-0.82644633
32.962062	-0.83314719
33.062575	-0.83984804
33.163088	-0.84654889
33.263601	-0.85324974
33.364113	-0.85995059
33.464626	-0.86665145
33.565139	-0.8733523
33.665652	-0.88005315
33.766164	-0.886754
33.866677	-0.89345486
33.96719	-0.90015571
34.067703	-0.90685656
34.168216	-0.91355741
34.268728	-0.92025826
34.369241	-0.92695912
34.469754	-0.93365997
34.570267	-0.94036082
34.670779	-0.94706167
34.771292	-0.95376252
34.871805	-0.96046338
34.972318	-0.96716423
35.072831	-0.97386508
35.173343	-0.98056593
35.273856	-0.98726678
35.374369	-0.99396764
35.474882	-1.0006685
35.575395	-1.0073693
35.675907	-1.0140702
35.77642	-1.020771
35.876933	-1.0274719
35.977446	-1.0341727
36.077958	-1.0408736
36.178471	-1.0475745
36.278984	-1.0542753
36.379497	-1.0609762
36.48001	-1.067677
36.580522	-1.0743779
36.681035	-1.0810787
36.781548	-1.0877796
36.882061	-1.0944804
36.982573	-1.1011813
37.083086	-1.1078821
37.183599	-1.114583
37.284112	-1.1212838
37.384625	-1.1279847
37.485137	-1.1346855
37.58565	-1.1413864
37.686163	-1.1480872
37.786676	-1.1547881
37.887188	-1.1614889
37.987701	-1.1681898
38.088214	-1.1748906
38.188727	-1.1815915
38.28924	-1.1882923
38.389752	-1.1949932
38.490265	-1.201694
38.590778	-1.2083949
38.691291	-1.2150958
38.791803	-1.2217966
38.892316	-1.2284975
38.992829	-1.2351983
39.093342	-1.2418992
39.193855	-1.2486
39.294367	-1.2553009
39.39488	-1.2620017
39.495393	-1.2687026
39.595906	-1.2754034
39.696418	-1.2821043
39.796931	-1.2888051
39.897444	-1.295506
39.997957	-1.3022068
40.09847	-1.3089077
40.198982	-1.3156085
40.299495	-1.3223094
40.400008	-1.3290102
40.500521	-1.3357111
40.601034	-1.3424119
40.701546	-1.3491128
40.802059	-1.3558136
40.902572	-1.3625145
41.003085	-1.3692153
41.103597	-1.3759162
41.20411	-1.3826171
41.304623	-1.3893179
41.405136	-1.3960188
41.505649	-1.4027196
41.606161	-1.4094205
41.706674	-1.4161213
41.807187	-1.4228222
41.9077	-1.429523
42.008212	-1.4362239
42.108725	-1.4429247
42.209238	-1.4496256
42.309751	-1.4563264
42.410264	-1.4630273
42.510776	-1.4697281
42.611289	-1.476429
42.711802	-1.4831298
42.812315	-1.4898307
42.912827	-1.4965315
43.01334	-1.5032324
43.113853	-1.5099332
43.214366	-1.5166341
43.314879	-1.5233349
43.415391	-1.5300358
43.515904	-1.5367366
43.616417	-1.5434375
43.71693	-1.5501384
43.817442	-1.5568392
43.917955	-1.5635401
44.018468	-1.5702409
44.118981	-1.5769418
44.219494	-1.5836426
44.320006	-1.5903435
44.420519	-1.5970443
44.521032	-1.6037452
44.621545	-1.610446
44.722057	-1.6171469
44.82257	-1.6238477
44.923083	-1.6305486
45.023596	-1.6372494
45.124109	-1.6439503
45.224621	-1.6506511
45.325134	-1.657352
45.425647	-1.6640528
45.52616	-1.6707537
45.626672	-1.6774545
45.727185	-1.6841554
45.827698	-1.6908562
45.928211	-1.6975571
46.028724	-1.7042579
46.129236	-1.7109588
46.229749	-1.7176597
46.330262	-1.7243605
46.430775	-1.7310614
46.531288	-1.7377622
46.6318	-1.7444631
46.732313	-1.7511639
46.832826	-1.7578648
46.933339	-1.7645656
47.033851	-1.7712665
47.134364	-1.7779673
47.234877	-1.7846682
47.33539	-1.791369
47.435903	-1.7980699
47.536415	-1.8047707
47.636928	-1.8114716
47.737441	-1.8181724
47.837954	-1.8248733
47.938466	-1.8315741
48.038979	-1.838275
48.139492	-1.8449758
48.240005	-1.8516767
48.340518	-1.8583775
48.44103	-1.8650784
48.541543	-1.8717792
48.642056	-1.8784801
48.742569	-1.885181
48.843081	-1.8918818
48.943594	-1.8985827
49.044107	-1.9052835
49.14462	-1.9119844
49.245133	-1.9186852
49.345645	-1.9253861
49.446158	-1.9320869
49.546671	-1.9387878
49.647184	-1.9454886
49.747696	-1.9521895
49.848209	-1.9588903
49.948722	-1.9655912
50.049235	-1.972292
50.149748	-1.9789929
50.25026	-1.9856937
50.350773	-1.9923946
50.451286	-1.9990954
50.551799	-2.0057963
50.652311	-2.0124971
50.752824	-2.019198
50.853337	-2.0258988
50.95385	-2.0325997
51.054363	-2.0393006
51.154875	-2.0460014
51.255388	-2.0527023
51.355901	-2.0594031
51.456414	-2.066104
51.556926	-2.0728048
51.657439	-2.0795057
51.757952	-2.0862065
51.858465	-2.0929074
51.958978	-2.0996082
52.05949	-2.1063091
52.160003	-2.1130099
52.260516	-2.1197108
52.361029	-2.1264116
52.461542	-2.1331125
52.562054	-2.1398133
52.662567	-2.1465142
52.76308	-2.153215
52.863593	-2.1599159
52.964105	-2.1666167
53.064618	-2.1733176
53.165131	-2.1800184
53.265644	-2.1867193
53.366157	-2.1934201
53.466669	-2.200121
53.567182	-2.2068219
53.667695	-2.2135227
53.768208	-2.2202236
53.86872	-2.2269244
53.969233	-2.2336253
54.069746	-2.2403261
54.170259	-2.247027
54.270772	-2.2537278
54.371284	-2.2604287
54.471797	-2.2671295
54.57231	-2.2738304
54.672823	-2.2805312
54.773335	-2.2872321
54.873848	-2.2939329
54.974361	-2.3006338
55.074874	-2.3073346
55.175387	-2.3140355
55.275899	-2.3207363
55.376412	-2.3274372
55.476925	-2.334138
55.577438	-2.3408389
55.67795	-2.3475397
55.778463	-2.3542406
55.878976	-2.3609414
55.979489	-2.3676423
56.080002	-2.3743432
56.180514	-2.381044
56.281027	-2.3877449
56.38154	-2.3944457
56.482053	-2.4011466
56.582565	-2.4078474
56.683078	-2.4145483
56.783591	-2.4212491
56.884104	-2.42795
56.984617	-2.4346508
57.085129	-2.4413517
57.185642	-2.4480525
57.286155	-2.4547534
57.386668	-2.4614542
57.487181	-2.4681551
57.587693	-2.4748559
57.688206	-2.4815568
57.788719	-2.4882576
57.889232	-2.4949585
57.989744	-2.5016593
58.090257	-2.5083602
58.19077	-2.515061
58.291283	-2.5217619
58.391796	-2.5284627
58.492308	-2.5351636
58.592821	-2.5418645
58.693334	-2.5485653
58.793847	-2.5552662
58.894359	-2.561967
58.994872	-2.5686679
59.095385	-2.5753687
59.195898	-2.5820696
59.296411	-2.5887704
59.396923	-2.5954713
59.497436	-2.6021721
59.597949	-2.608873
59.698462	-2.6155738
59.798974	-2.6222747
59.899487	-2.6289755
60	-2.6356764
