60	-8.5014
59.8	-8.3014
59.6	-8.1014
59.4	-7.9014
59.2	-7.7014
59	-7.5014
58.8	-7.3014
58.6	-7.1014
58.4	-6.9014
58.2	-6.7014
58	-6.5014
57.8	-6.3014
57.6	-6.1014
57.4	-5.9014
57.2	-5.7014
57	-5.5014
56.8	-5.3014
56.6	-5.1014
56.4	-4.9014
56.2	-4.7014
56	-4.5014
55.8	-4.3014
55.6	-4.1014
55.4	-3.9014
55.2	-3.7014
55	-3.5014
54.8	-3.4881
54.6	-3.4748
54.4	-3.4614
54.2	-3.4481
54	-3.4348
53.8	-3.4214
53.6	-3.4081
53.4	-3.3948
53.2	-3.3814
53	-3.3681
52.8	-3.3548
52.6	-3.3414
52.4	-3.3281
52.2	-3.3148
52	-3.3014
51.8	-3.2881
51.6	-3.2748
51.4	-3.2614
51.2	-3.2481
51	-3.2348
50.8	-3.2214
50.6	-3.2081
50.4	-3.1948
50.2	-3.1814
50	-3.1681
49.8	-3.1548
49.6	-3.1414
49.4	-3.1281
49.2	-3.1148
49	-3.1014
48.8	-3.0881
48.6	-3.0748
48.4	-3.0614
48.2	-3.0481
48	-3.0348
47.8	-3.0214
47.6	-3.0081
47.4	-2.9948
47.2	-2.9814
47	-2.9681
46.8	-2.9548
46.6	-2.9414
46.4	-2.9281
46.2	-2.9148
46	-2.9014
45.8	-2.8881
45.6	-2.8748
45.4	-2.8614
45.2	-2.8481
45	-2.8348
44.8	-2.8214
44.6	-2.8081
44.4	-2.7948
44.2	-2.7814
44	-2.7681
43.8	-2.7548
43.6	-2.7414
43.4	-2.7281
43.2	-2.7148
43	-2.7014
42.8	-2.6881
42.6	-2.6748
42.4	-2.6614
42.2	-2.6481
42	-2.6348
41.8	-2.6214
41.6	-2.6081
41.4	-2.5948
41.2	-2.5814
41	-2.5681
40.8	-2.5548
40.6	-2.5414
40.4	-2.5281
40.2	-2.5148
40	-2.5014
39.8	-2.4881
39.6	-2.4748
39.4	-2.4614
39.2	-2.4481
39	-2.4348
38.8	-2.4214
38.6	-2.4081
38.4	-2.3948
38.2	-2.3814
38	-2.3681
37.8	-2.3548
37.6	-2.3414
37.4	-2.3281
37.2	-2.3148
37	-2.3014
36.8	-2.2881
36.6	-2.2748
36.4	-2.2614
36.2	-2.2481
36	-2.2348
35.8	-2.2214
35.6	-2.2081
35.4	-2.1948
35.2	-2.1814
35	-2.1681
34.8	-2.1548
34.6	-2.1414
34.4	-2.1281
34.2	-2.1148
34	-2.1014
33.8	-2.0881
33.6	-2.0748
33.4	-2.0614
33.2	-2.0481
33	-2.0348
32.8	-2.0214
32.6	-2.0081
32.4	-1.9948
32.2	-1.9814
32	-1.9681
31.8	-1.9548
31.6	-1.9414
31.4	-1.9281
31.2	-1.9148
31	-1.9014
30.8	-1.8881
30.6	-1.8748
30.4	-1.8614
30.2	-1.8481
30	-1.8348
29.8	-1.8214
29.6	-1.8081
29.4	-1.7948
29.2	-1.7814
29	-1.7681
28.8	-1.7548
28.6	-1.7414
28.4	-1.7281
28.2	-1.7148
28	-1.7014
27.8	-1.6881
27.6	-1.6748
27.4	-1.6614
27.2	-1.6481
27	-1.6348
26.8	-1.6214
26.6	-1.6081
26.4	-1.5948
26.2	-1.5814
26	-1.5681
25.8	-1.5548
25.6	-1.5414
25.4	-1.5281
25.2	-1.5148
25	-1.5014
24.8	-1.4914
24.6	-1.4814
24.4	-1.4714
24.2	-1.4614
24	-1.4514
23.8	-1.4414
23.6	-1.4314
23.4	-1.4214
23.2	-1.4114
23	-1.4014
22.8	-1.3914
22.6	-1.3814
22.4	-1.3714
22.2	-1.3614
22	-1.3514
21.8	-1.3414
21.6	-1.3314
21.4	-1.3214
21.2	-1.3114
21	-1.3014
20.8	-1.2914
20.6	-1.2814
20.4	-1.2714
20.2	-1.2614
20	-1.2514
19.8	-1.2414
19.6	-1.2314
19.4	-1.2214
19.2	-1.2114
19	-1.2014
18.8	-1.1914
18.6	-1.1814
18.4	-1.1714
18.2	-1.1614
18	-1.1514
17.8	-1.1414
17.6	-1.1314
17.4	-1.1214
17.2	-1.1114
17	-1.1014
16.8	-1.0914
16.6	-1.0814
16.4	-1.0714
16.2	-1.0614
16	-1.0514
15.8	-1.0414
15.6	-1.0314
15.4	-1.0214
15.2	-1.0114
15	-1.0014
14.8	-0.9914
14.6	-0.9814
14.4	-0.9714
14.2	-0.9614
14	-0.9514
13.8	-0.9414
13.6	-0.9314
13.4	-0.9214
13.2	-0.9114
13	-0.9014
12.8	-0.8914
12.6	-0.8814
12.4	-0.8714
12.2	-0.8614
12	-0.8514
11.8	-0.8414
11.6	-0.8314
11.4	-0.8214
11.2	-0.8114
11	-0.8014
10.8	-0.7914
10.6	-0.7814
10.4	-0.7714
10.2	-0.7614
10	-0.7514
9.8	-0.7414
9.6	-0.7314
9.4	-0.7214
9.2	-0.7114
9	-0.7014
8.8	-0.6914
8.6	-0.6814
8.4	-0.6714
8.2	-0.6614
8	-0.6514
7.8	-0.6414
7.6	-0.6314
7.4	-0.6214
7.2	-0.6114
7	-0.6014
6.8	-0.5914
6.6	-0.5814
6.4	-0.5714
6.2	-0.5614
6	-0.5514
5.8	-0.5414
5.6	-0.5314
5.4	-0.5214
5.2	-0.5114
5	-0.5014
4.8	-0.4914
4.6	-0.4814
4.4	-0.4714
4.2	-0.4614
4	-0.4514
3.8	-0.4414
3.6	-0.4314
3.4	-0.4214
3.2	-0.4114
3	-0.4014
2.8	-0.3914
2.6	-0.3814
2.4	-0.3714
2.2	-0.3614
2	-0.3514
1.8	-0.3414
1.6	-0.3314
1.4	-0.3214
1.2	-0.3114
1	-0.3014
0.8	-0.2914
0.6	-0.2814
0.4	-0.2714
0.2	-0.2614
0	-0.2514
-0.2	-0.2414
-0.4	-0.2314
-0.6	-0.2214
-0.8	-0.2114
-1	-0.2014
-1.2	-0.1914
-1.4	-0.1814
-1.6	-0.1714
-1.8	-0.1614
-2	-0.1514
-2.2	-0.1414
-2.4	-0.1314
-2.6	-0.1214
-2.8	-0.1114
-3	-0.1014
-3.2	-0.0914
-3.4	-0.0814
-3.6	-0.0714
-3.8	-0.0614
-4	-0.0514
-4.2	-0.0414
-4.4	-0.0312
-4.6	-0.0209
-4.8	-0.0105
-5	0
-5.2	0.0106
-5.4	0.0214
-5.6	0.0322
-5.8	0.0432
-6	0.0543
-6.2	0.0655
-6.4	0.0768
-6.6	0.0883
-6.8	0.0998
-7	0.1115
-7.2	0.1233
-7.4	0.1352
-7.6	0.1472
-7.8	0.1593
-8	0.1715
-8.2	0.1839
-8.4	0.1963
-8.6	0.2089
-8.8	0.2216
-9	0.2344
-9.2	0.2474
-9.4	0.2604
-9.6	0.2736
-9.8	0.2868
-10	0.3002
-10.2	0.3137
-10.4	0.3274
-10.6	0.3411
-10.8	0.3549
-11	0.3689
-11.2	0.383
-11.4	0.3972
-11.6	0.4115
-11.8	0.4259
-12	0.4405
-12.2	0.4551
-12.4	0.4699
-12.6	0.4848
-12.8	0.4998
-13	0.5149
-13.2	0.5301
-13.4	0.5455
-13.6	0.5609
-13.8	0.5765
-14	0.5922
-14.2	0.608
-14.4	0.6239
-14.6	0.64
-14.8	0.6561
-15	0.6724
-15.2	0.6888
-15.4	0.7053
-15.6	0.7219
-15.8	0.7386
-16	0.7555
-16.2	0.7725
-16.4	0.7898
-16.6	0.8074
-16.8	0.8252
-17	0.8434
-17.2	0.8618
-17.4	0.8804
-17.6	0.8993
-17.8	0.9185
-18	0.938
-18.2	0.9577
-18.4	0.9778
-18.6	0.998
-18.8	1.0186
-19	1.0394
-19.2	1.0605
-19.4	1.0819
-19.6	1.1035
-19.8	1.1254
-20	1.1476
-20.2	1.1701
-20.4	1.1928
-20.6	1.2158
-20.8	1.239
-21	1.2626
-21.2	1.2864
-21.4	1.3105
-21.6	1.3348
-21.8	1.3595
-22	1.3844
-22.2	1.4095
-22.4	1.435
-22.6	1.4607
-22.8	1.4867
-23	1.513
-23.2	1.5395
-23.4	1.5663
-23.6	1.5934
-23.8	1.6208
-24	1.6484
-24.2	1.6763
-24.4	1.7045
-24.6	1.733
-24.8	1.7617
-25	1.7907
-25.2	1.82
-25.4	1.8497
-25.6	1.8797
-25.8	1.91
-26	1.9406
-26.2	1.9716
-26.4	2.0029
-26.6	2.0345
-26.8	2.0665
-27	2.0988
-27.2	2.1314
-27.4	2.1644
-27.6	2.1977
-27.8	2.2313
-28	2.2653
-28.2	2.2996
-28.4	2.3342
-28.6	2.3692
-28.8	2.4045
-29	2.4401
-29.2	2.4761
-29.4	2.5124
-29.6	2.549
-29.8	2.586
-30	2.6233
-30.2	2.661
-30.4	2.699
-30.6	2.7373
-30.8	2.776
-31	2.815
-31.2	2.8543
-31.4	2.894
-31.6	2.934
-31.8	2.9744
-32	3.0151
-32.2	3.0561
-32.4	3.0975
-32.6	3.1392
-32.8	3.1813
-33	3.2237
-33.2	3.2665
-33.4	3.3107
-33.6	3.3578
-33.8	3.4077
-34	3.4607
-34.2	3.5166
-34.4	3.5755
-34.6	3.6374
-34.8	3.7024
-35	3.7706
-35.2	3.8419
-35.4	3.9164
-35.6	3.9942
-35.8	4.0753
-36	4.1598
-36.2	4.2477
-36.4	4.3392
-36.6	4.4342
-36.8	4.5329
-37	4.6353
-37.2	4.7416
-37.4	4.8518
-37.6	4.966
-37.8	5.0843
-38	5.2068
-38.2	5.3338
-38.4	5.4652
-38.6	5.6013
-38.8	5.7421
-39	5.888
-39.2	6.039
-39.4	6.1953
-39.6	6.3572
-39.8	6.5249
-40	6.6987
-40.2	6.8788
-40.4	7.0655
-40.6	7.2593
-40.8	7.4605
-41	7.6695
-41.2	7.8869
-41.4	8.1131
-41.6	8.3488
-41.8	8.5948
-42	8.8518
-42.2	9.1208
-42.4	9.403
-42.6	9.6997
-42.8	10.0126
-43	10.3436
-43.2	10.6953
-43.4	11.0707
-43.6	11.4741
-43.8	11.911
-44	12.3895
-44.2	12.9198
-44.4	13.4696
-44.6	14.0194
-44.8	14.5691
-45	15.1189
-45.2	15.6687
-45.4	16.2136
-45.6	16.7209
-45.8	17.1915
-46	17.6313
-46.2	18.045
-46.4	18.436
-46.6	18.8071
-46.8	19.1605
-47	19.498
-47.2	19.8211
-47.4	20.131
-47.6	20.429
-47.8	20.7158
-48	20.9923
-48.2	21.2592
-48.4	21.5172
-48.6	21.7667
-48.8	22.0082
-49	22.2423
-49.2	22.4693
-49.4	22.6895
-49.6	22.9033
-49.8	23.1109
-50	23.3127
-50.2	23.5089
-50.4	23.6997
-50.6	23.8853
-50.8	24.0659
-51	24.2418
-51.2	24.413
-51.4	24.5797
-51.6	24.742
-51.8	24.9002
-52	25.0542
-52.2	25.2043
-52.4	25.3506
-52.6	25.4931
-52.8	25.6319
-53	25.7672
-53.2	25.899
-53.4	26.0274
-53.6	26.1525
-53.8	26.2743
-54	26.3923
-54.2	26.5052
-54.4	26.6132
-54.6	26.7163
-54.8	26.8148
-55	26.9087
-55.2	26.9982
-55.4	27.0833
-55.6	27.1642
-55.8	27.241
-56	27.3137
-56.2	27.3824
-56.4	27.4473
-56.6	27.5083
-56.8	27.5655
-57	27.619
-57.2	27.6688
-57.4	27.7149
-57.6	27.7576
-57.8	27.7966
-58	27.8322
-58.2	27.8642
-58.4	27.8929
-58.6	27.9181
-58.8	27.9398
-59	27.9583
-59.2	27.9733
-59.4	27.985
-59.6	27.9933
-59.8	27.9983
-60	28
-60.2	27.9983
-60.4	27.9933
-60.6	27.985
-60.8	27.9733
-61	27.9583
-61.2	27.9398
-61.4	27.9181
-61.6	27.8929
-61.8	27.8642
-62	27.8322
-62.2	27.7966
-62.4	27.7576
-62.6	27.7149
-62.8	27.6688
-63	27.619
-63.2	27.5655
-63.4	27.5083
-63.6	27.4473
-63.8	27.3824
-64	27.3137
-64.2	27.241
-64.4	27.1642
-64.6	27.0833
-64.8	26.9982
-65	26.9087
-65.2	26.8148
-65.4	26.7163
-65.6	26.6132
-65.8	26.5052
-66	26.3923
-66.2	26.2742
-66.4	26.1509
-66.6	26.022
-66.8	25.8874
-67	25.7468
-67.2	25.6
-67.4	25.4467
-67.6	25.2865
-67.8	25.1192
-68	24.9462
-68.2	24.7689
-68.4	24.5868
-68.6	24.3999
-68.8	24.2078
-69	24.0104
-69.2	23.8075
-69.4	23.5988
-69.6	23.3841
-69.8	23.163
-70	22.9354
-70.2	22.7008
-70.4	22.4589
-70.6	22.2092
-70.8	21.9512
-71	21.6845
-71.2	21.4085
-71.4	21.1224
-71.6	20.8256
-71.8	20.5172
-72	20.1961
-72.2	19.8611
-72.4	19.511
-72.6	19.144
-72.8	18.758
-73	18.3508
-73.2	17.919
-73.4	17.4588
-73.6	16.9648
-73.8	16.4299
-74	15.8436
-74.2	15.19
-74.4	14.4424
-74.6	13.5489
-74.8	12.3756
-75	9.519
